(title "Axial Velocity")
(labels "Position" "Axial Velocity")

((xy/key/label "xd-10")
0	16.5178
0.000601705	16.5176
0.00118987	16.517
0.0017648	16.516
0.0023268	16.5147
0.00287615	16.5129
0.00341315	16.5107
0.00393806	16.5081
0.00445115	16.5051
0.00495271	16.5015
0.00544298	16.4975
0.00592222	16.4929
0.00639067	16.4878
0.00684859	16.482
0.0072962	16.4756
0.00773375	16.4685
0.00816144	16.4608
0.00857952	16.4522
0.00898819	16.4429
0.00938766	16.4328
0.00977814	16.4218
0.0101598	16.4099
0.010533	16.397
0.0108977	16.3831
0.0112542	16.3681
0.0116027	16.3519
0.0119433	16.3345
0.0122763	16.3158
0.0126018	16.2957
0.01292	16.274
0.013231	16.2507
0.013535	16.2258
0.0138321	16.1991
0.0141226	16.1707
0.0144066	16.1405
0.0146841	16.1086
0.0149555	16.075
0.0152207	16.0396
0.0154799	16.0024
0.0157333	15.9637
0.015981	15.9233
0.0162232	15.8813
0.0164599	15.8378
0.0166912	15.7928
0.0169174	15.7463
0.0171384	15.6985
0.0173545	15.6493
0.0175658	15.5987
0.0177722	15.5468
0.0179741	15.4935
0.0181714	15.4385
0.0183642	15.3811
0.0185527	15.3208
0.018737	15.2573
0.0189171	15.191
0.0190932	15.1224
0.0192653	15.0519
0.0194336	14.9801
0.019598	14.9072
0.0200695	14.6834
0.0202197	14.6073
0.0203664	14.5306
0.0205099	14.4531
0.0206501	14.3751
0.0207872	14.2964
0.0209212	14.2172
0.0210522	14.1373
0.0211802	14.0569
0.0213054	13.9758
0.0214277	13.8941
0.0215473	13.8118
0.0216642	13.7289
0.0217785	13.6453
0.0218902	13.561
0.0219993	13.476
0.0221061	13.3904
0.0222104	13.3042
0.0223124	13.2172
0.0224121	13.1294
0.0225095	13.0404
0.0226047	12.9502
0.0226978	12.8585
0.0227889	12.7653
0.0228778	12.6705
0.0229648	12.574
0.0230498	12.4756
0.0231329	12.3751
0.0232141	12.2724
0.0232935	12.1674
0.0233711	12.0598
0.023447	11.9494
0.0235211	11.8359
0.0235936	11.719
0.0236644	11.5985
0.0237337	11.4739
0.0238014	11.3448
0.0238676	11.2107
0.0239323	11.0711
0.0239955	10.9253
0.0240573	10.7726
0.0241177	10.6119
0.0241768	10.4421
0.0242345	10.262
0.024291	10.0699
0.0243461	9.86371
0.0244001	9.64083
0.0244528	9.39794
0.0245043	9.13057
0.0245547	8.83233
0.0246039	8.49415
0.024652	8.10369
0.0246991	7.64394
0.024745	7.09036
0.02479	6.40629
0.0248339	5.53475
0.0248769	4.41139
0.0249188	3.03975
0.0249599	1.52985
0.025	0
0.0200695	14.6834
0.0199159	14.7588
0.0197588	14.8334
0.019598	14.9072
)

((xy/key/label "xd-20")
0.025	0
0.0249599	1.51816
0.0249188	3.0173
0.0248769	4.38029
0.0248339	5.49715
0.02479	6.36323
0.024745	7.04224
0.0246991	7.59103
0.024652	8.0461
0.0246039	8.43191
0.0245547	8.76569
0.0245043	9.06002
0.0244528	9.32387
0.0244001	9.56335
0.0243461	9.78281
0.024291	9.9856
0.0242345	10.1743
0.0241768	10.3509
0.0241177	10.5171
0.0240573	10.6743
0.0239955	10.8235
0.0239323	10.9656
0.0238676	11.1015
0.0238014	11.2318
0.0237337	11.3571
0.0236644	11.4778
0.0235936	11.5944
0.0235211	11.7072
0.023447	11.8166
0.0233711	11.9229
0.0232935	12.0263
0.0232141	12.127
0.0231329	12.2252
0.0230498	12.3212
0.0229648	12.4151
0.0228778	12.507
0.0227889	12.5971
0.0226978	12.6855
0.0226047	12.7724
0.0225095	12.8577
0.0224121	12.9417
0.0223124	13.0243
0.0222104	13.1058
0.0221061	13.186
0.0219993	13.2653
0.0218902	13.3435
0.0217785	13.4207
0.0216642	13.4971
0.0215473	13.5726
0.0214277	13.6474
0.0213054	13.7214
0.0211802	13.7946
0.0210522	13.8673
0.0209212	13.9392
0.0207872	14.0106
0.0206501	14.0815
0.0205099	14.1518
0.0203664	14.2216
0.0202197	14.2909
0.0200695	14.3598
0.0199159	14.4283
0.0197588	14.4963
0	17.4177
0.000601705	17.4159
0.00118987	17.4106
0.0017648	17.4019
0.0023268	17.3901
0.00287615	17.3752
0.00341315	17.3574
0.00393806	17.3367
0.00445115	17.3133
0.00495271	17.2873
0.00544298	17.2589
0.00592222	17.2283
0.00639067	17.1955
0.00684859	17.1607
0.0072962	17.1241
0.00773375	17.0859
0.00816144	17.0461
0.00857952	17.0048
0.00898819	16.9622
0.00938766	16.9184
0.00977814	16.8734
0.0101598	16.8273
0.010533	16.7802
0.0108977	16.7321
0.0112542	16.683
0.0116027	16.633
0.0119433	16.5821
0.0122763	16.5304
0.0126018	16.4778
0.01292	16.4244
0.013231	16.3701
0.013535	16.3146
0.0138321	16.2573
0.0141226	16.198
0.0144066	16.1368
0.0146841	16.0742
0.0149555	16.0108
0.0152207	15.947
0.0154799	15.8829
0.0157333	15.8185
0.015981	15.7539
0.0162232	15.6891
0.0164599	15.6241
0.0166912	15.5588
0.0169174	15.4933
0.0171384	15.4277
0.0173545	15.3618
0.0175658	15.2958
0.0177722	15.2296
0.0179741	15.1632
0.0181714	15.0968
0.0183642	15.0303
0.0185527	14.9639
0.018737	14.8976
0.0189171	14.8314
0.0190932	14.765
0.0192653	14.6983
0.0194336	14.6313
0.019598	14.564
0.0197588	14.4963
)

((xy/key/label "xd-30")
0	17.3449
0.000601705	17.3429
0.00118987	17.3368
0.0017648	17.327
0.0023268	17.3137
0.00287615	17.2972
0.00341315	17.2777
0.00393806	17.2553
0.00445115	17.2303
0.00495271	17.2028
0.00544298	17.1731
0.00592222	17.1412
0.00639067	17.1073
0.00684859	17.0715
0.0072962	17.0341
0.00773375	16.995
0.00816144	16.9544
0.00857952	16.9125
0.00898819	16.8692
0.00938766	16.8247
0.00977814	16.7791
0.0101598	16.7325
0.010533	16.6849
0.0108977	16.6364
0.0126018	16.3822
0.0122763	16.4344
0.01292	16.3294
0.013231	16.276
0.013535	16.222
0.0138321	16.1676
0.0141226	16.1126
0.0144066	16.0573
0.0146841	16.0014
0.0149555	15.9452
0.0152207	15.8885
0.0154799	15.8315
0.0157333	15.7741
0.015981	15.7163
0.0162232	15.6581
0.0164599	15.5996
0.0166912	15.5408
0.0169174	15.4816
0.0171384	15.4221
0.0173545	15.3622
0.0175658	15.302
0.0177722	15.2414
0.0179741	15.1805
0.0181714	15.1192
0.0183642	15.0576
0.0185527	14.9956
0.018737	14.9332
0.0189171	14.8705
0.0190932	14.8073
0.0192653	14.7437
0.0194336	14.6797
0.019598	14.6153
0.0197588	14.5503
0.0199159	14.485
0.0200695	14.4191
0.0202197	14.3527
0.0203664	14.2857
0.0205099	14.2182
0.0206501	14.1501
0.0207872	14.0814
0.0209212	14.0121
0.0210522	13.942
0.0211802	13.8713
0.0213054	13.7998
0.0214277	13.7275
0.0215473	13.6544
0.0216642	13.5804
0.0217785	13.5055
0.0218902	13.4297
0.0219993	13.3528
0.0221061	13.2748
0.0222104	13.1957
0.0223124	13.1154
0.0224121	13.0338
0.0225095	12.9508
0.0226047	12.8664
0.0226978	12.7804
0.0227889	12.6928
0.0232141	12.2256
0.0231329	12.3234
0.0232935	12.1253
0.0233711	12.0223
0.023447	11.9163
0.0235211	11.8071
0.0235936	11.6945
0.0236644	11.578
0.0237337	11.4573
0.0122763	16.4344
0.0119433	16.486
0.0116027	16.5369
0.0112542	16.587
0.0108977	16.6364
0.0227889	12.6928
0.0228778	12.6034
0.0229648	12.5122
0.0230498	12.4189
0.0231329	12.3234
0.0238014	11.332
0.0237337	11.4573
0.0238676	11.2016
0.0239323	11.0656
0.0239955	10.9232
0.0240573	10.7737
0.0241177	10.6161
0.0241768	10.4495
0.0242345	10.2723
0.024291	10.083
0.0243461	9.87943
0.0244001	9.6591
0.0244528	9.41864
0.0245043	9.15367
0.0245547	8.85812
0.0246039	8.52309
0.024652	8.13585
0.0246991	7.67891
0.024745	7.12754
0.02479	6.44474
0.0248339	5.57275
0.0248769	4.4456
0.0249188	3.06537
0.0249599	1.54316
0.025	0
)

((xy/key/label "xd-40")
0.025	0
0.0249599	1.5527
0.0249188	3.08368
0.0248769	4.47055
0.0248339	5.60189
0.02479	6.47659
0.024745	7.16141
0.0246991	7.7144
0.024652	8.17273
0.0246039	8.56121
0.0245547	8.89736
0.0245043	9.1939
0.0244528	9.45978
0.0244001	9.70109
0.0243461	9.92221
0.024291	10.1265
0.0242345	10.3166
0.0241768	10.4944
0.0241177	10.6618
0.0240573	10.82
0.0239955	10.9701
0.0239323	11.113
0.0238676	11.2497
0.0238014	11.3806
0.0237337	11.5064
0.0236644	11.6276
0.0235936	11.7445
0.0235211	11.8577
0.023447	11.9673
0.0233711	12.0736
0.0232935	12.177
0.0232141	12.2777
0.0231329	12.3758
0.0230498	12.4716
0.0229648	12.5652
0.0228778	12.6567
0.0227889	12.7463
0.0226978	12.8341
0.0226047	12.9202
0.0225095	13.0048
0.0224121	13.0878
0.0223124	13.1695
0.0222104	13.2499
0.0221061	13.329
0.0219993	13.4069
0.0218902	13.4837
0.0217785	13.5594
0.0216642	13.6341
0.0215473	13.7079
0.0214277	13.7807
0	17.1964
0.000601705	17.1946
0.00118987	17.1894
0.0017648	17.1811
0.0023268	17.1698
0.00287615	17.1557
0.00341315	17.139
0.00393806	17.1199
0.00445115	17.0984
0.00495271	17.0748
0.00544298	17.0492
0.00592222	17.0216
0.00639067	16.9922
0.00684859	16.9612
0.0072962	16.9285
0.00773375	16.8944
0.00816144	16.8588
0.00857952	16.8218
0.00898819	16.7837
0.00938766	16.7443
0.00977814	16.7037
0.0101598	16.6621
0.010533	16.6195
0.0108977	16.576
0.0112542	16.5315
0.0116027	16.4862
0.0119433	16.44
0.0122763	16.393
0.0126018	16.3453
0.01292	16.2969
0.013231	16.2478
0.013535	16.1981
0.0138321	16.1477
0.0141226	16.0968
0.0144066	16.0452
0.0146841	15.9931
0.0149555	15.9404
0.0152207	15.8872
0.0154799	15.8335
0.0157333	15.7793
0.015981	15.7246
0.0162232	15.6694
0.0164599	15.6137
0.0166912	15.5576
0.0169174	15.501
0.0171384	15.4439
0.0173545	15.3864
0.0175658	15.3284
0.0177722	15.27
0.0179741	15.2111
0.0181714	15.1518
0.0183642	15.0919
0.0185527	15.0317
0.018737	14.9709
0.0189171	14.9097
0.0190932	14.8479
0.0192653	14.7857
0.0194336	14.7229
0.019598	14.6596
0.0197588	14.5958
0.0199159	14.5314
0.0200695	14.4665
0.0202197	14.401
0.0203664	14.3348
0.0214277	13.7807
0.0213054	13.8527
0.0211802	13.9238
0.0210522	13.9941
0.0209212	14.0637
0.0207872	14.1325
0.0206501	14.2006
0.0205099	14.268
0.0203664	14.3348
)

((xy/key/label "xd-50")
0.025	0
0.0249599	1.55316
0.0249188	3.08457
0.0248769	4.47179
0.0248339	5.60339
0.02479	6.47831
0.024745	7.16334
0.0246991	7.71654
0.024652	8.17507
0.0246039	8.56376
0.0245547	8.9001
0.0245043	9.19681
0.0244528	9.46283
0.0244001	9.70429
0.0243461	9.92557
0.024291	10.13
0.0242345	10.3202
0.0241768	10.4982
0.0241177	10.6658
0.0240573	10.8241
0.0239955	10.9744
0.0239323	11.1175
0.0238676	11.2543
0.0238014	11.3854
0.0237337	11.5113
0.0236644	11.6327
0.0235936	11.7498
0.0235211	11.8631
0.023447	11.9728
0.0233711	12.0794
0.0232935	12.1829
0.0232141	12.2838
0.0231329	12.382
0.0230498	12.478
0.0229648	12.5717
0.0228778	12.6634
0.0227889	12.7531
0.0226978	12.8411
0.0226047	12.9274
0.0225095	13.0121
0.0224121	13.0953
0.0223124	13.1771
0.0222104	13.2576
0.0221061	13.3369
0.0219993	13.4149
0.0218902	13.4919
0.0217785	13.5677
0.0216642	13.6426
0.0215473	13.7164
0.0214277	13.7894
0.0213054	13.8615
0.0211802	13.9327
0.0210522	14.0031
0.0209212	14.0727
0.0207872	14.1416
0.0206501	14.2098
0.0205099	14.2773
0.0203664	14.3441
0	17.1638
0.000601705	17.1621
0.00118987	17.1572
0.0017648	17.1493
0.0023268	17.1385
0.00287615	17.1251
0.00341315	17.1091
0.00393806	17.0909
0.00445115	17.0704
0.00495271	17.0478
0.00544298	17.0232
0.00592222	16.9968
0.00639067	16.9686
0.00684859	16.9388
0.0072962	16.9074
0.00773375	16.8745
0.00816144	16.8402
0.00857952	16.8046
0.00898819	16.7677
0.00938766	16.7296
0.00977814	16.6903
0.0101598	16.65
0.010533	16.6086
0.0108977	16.5662
0.0112542	16.5229
0.0116027	16.4787
0.0119433	16.4337
0.0122763	16.3878
0.0126018	16.3411
0.01292	16.2937
0.013231	16.2456
0.013535	16.1967
0.0138321	16.1472
0.0141226	16.0971
0.0144066	16.0463
0.0146841	15.9949
0.0149555	15.9429
0.0152207	15.8904
0.0154799	15.8373
0.0157333	15.7837
0.015981	15.7295
0.0162232	15.6748
0.0164599	15.6196
0.0166912	15.5639
0.0169174	15.5077
0.0171384	15.451
0.0173545	15.3938
0.0175658	15.3361
0.0177722	15.278
0.0179741	15.2193
0.0181714	15.1602
0.0183642	15.1006
0.0185527	15.0404
0.018737	14.9798
0.0189171	14.9187
0.0190932	14.8571
0.0192653	14.7949
0.0194336	14.7322
0.019598	14.669
0.0197588	14.6052
0.0199159	14.5408
0.0200695	14.4759
0.0202197	14.4103
0.0203664	14.3441
)

((xy/key/label "xd-60")
0	17.1612
0.000601705	17.1595
0.00118987	17.1547
0.0017648	17.1468
0.0023268	17.1361
0.00287615	17.1227
0.00341315	17.1069
0.00393806	17.0887
0.00445115	17.0684
0.00495271	17.0459
0.00544298	17.0215
0.00592222	16.9953
0.00639067	16.9672
0.00684859	16.9376
0.0072962	16.9063
0.00773375	16.8736
0.00816144	16.8394
0.00857952	16.8039
0.00898819	16.7672
0.00938766	16.7292
0.00977814	16.6901
0.0101598	16.6499
0.010533	16.6086
0.0108977	16.5664
0.0112542	16.5232
0.0116027	16.4791
0.0119433	16.4341
0.0122763	16.3883
0.0126018	16.3417
0.01292	16.2944
0.013231	16.2463
0.013535	16.1975
0.0138321	16.148
0.0141226	16.0979
0.0144066	16.0472
0.0146841	15.9958
0.0149555	15.9439
0.0152207	15.8914
0.0154799	15.8383
0.0157333	15.7846
0.015981	15.7305
0.0162232	15.6758
0.0164599	15.6206
0.0166912	15.5649
0.0169174	15.5086
0.0171384	15.4519
0.0173545	15.3947
0.0175658	15.337
0.0177722	15.2788
0.0179741	15.2202
0.0181714	15.161
0.0183642	15.1013
0.0185527	15.0412
0.018737	14.9805
0.0189171	14.9194
0.0190932	14.8577
0.0192653	14.7955
0.0194336	14.7328
0.019598	14.6695
0.0197588	14.6056
0.0199159	14.5412
0.0200695	14.4762
0.0202197	14.4106
0.0203664	14.3444
0.0205099	14.2775
0.0206501	14.21
0.0207872	14.1418
0.0209212	14.0728
0.0210522	14.0032
0.0211802	13.9327
0.0213054	13.8614
0.0214277	13.7893
0.0215473	13.7163
0.0215473	13.7163
0.0216642	13.6424
0.0217785	13.5675
0.0218902	13.4916
0.0219993	13.4146
0.0221061	13.3365
0.0222104	13.2573
0.0223124	13.1767
0.0224121	13.0949
0.0225095	13.0116
0.0226047	12.9268
0.0226978	12.8405
0.0227889	12.7525
0.0228778	12.6627
0.0229648	12.571
0.0230498	12.4772
0.0231329	12.3812
0.0232141	12.2829
0.0232935	12.1821
0.0233711	12.0785
0.023447	11.9719
0.0235211	11.8621
0.0235936	11.7488
0.0236644	11.6316
0.0237337	11.5103
0.0238014	11.3843
0.0238676	11.2531
0.0239323	11.1163
0.0239955	10.9732
0.0240573	10.8229
0.0241177	10.6645
0.0241768	10.497
0.0242345	10.3189
0.024291	10.1287
0.0243461	9.92426
0.0244001	9.70297
0.0244528	9.4615
0.0245043	9.19546
0.0245547	8.89875
0.0246039	8.5624
0.024652	8.1737
0.0246991	7.71517
0.024745	7.16199
0.02479	6.47701
0.0248339	5.60216
0.0248769	4.47072
0.0249188	3.08377
0.0249599	1.55273
0.025	0
)
